684
524 515 529 514
527 518 532 517
518 517 519 511
520 512 526 511
529 522 535 521
523 522 524 516
516 515 517 509
518 510 524 509
532 524 538 523
525 524 526 518
514 513 515 507
516 508 522 507
534 526 540 525
527 526 528 520
512 511 513 505
514 506 520 505
536 528 542 527
532 531 533 525
510 504 516 503
509 502 515 501
539 530 544 529
540 532 546 531
506 504 508 501
508 500 514 499
543 534 548 533
536 535 537 529
505 498 511 497
503 502 504 496
546 537 551 536
538 537 539 531
500 498 502 495
503 495 509 494
548 540 554 539
541 540 542 534
500 493 506 492
498 497 499 491
551 542 556 541
544 543 545 537
495 493 497 490
495 489 501 488
552 544 558 543
548 547 549 541
493 486 499 485
492 484 498 483
554 546 560 545
550 549 551 543
490 489 491 483
490 482 496 481
558 549 563 548
552 551 553 545
486 480 492 479
486 478 492 477
558 551 564 550
554 553 555 547
484 483 485 477
484 476 490 475
562 553 567 552
560 559 561 553
478 476 480 473
482 474 488 473
566 557 571 556
563 562 564 556
478 472 484 471
478 470 484 469
567 559 573 558
565 564 566 558
474 468 480 467
474 466 480 465
569 561 575 560
570 569 571 563
472 471 473 465
472 464 478 463
573 564 578 563
572 571 573 565
470 469 471 463
469 461 475 460
575 566 580 565
574 573 575 567
466 465 467 459
466 458 472 457
576 568 582 567
576 575 577 569
463 462 464 456
461 454 467 453
579 570 584 569
578 577 579 571
458 452 464 451
458 450 464 449
581 573 587 572
583 582 584 576
454 448 460 447
451 445 457 444
582 575 588 574
585 584 586 578
449 443 455 442
449 441 455 440
587 586 588 580
589 588 590 582
443 441 445 438
443 435 449 434
585 577 591 576
591 590 592 584
440 439 441 433
439 432 445 431
589 580 594 579
593 592 594 586
436 430 442 429
436 428 442 427
591 583 597 582
595 594 596 588
433 432 434 426
433 425 439 424
593 585 599 584
597 596 598 590
431 430 432 424
431 423 437 422
601 592 606 591
600 599 601 593
427 425 429 422
429 421 435 420
603 595 609 594
603 602 604 596
424 418 430 417
424 416 430 415
606 597 611 596
605 604 606 598
421 420 422 414
421 413 427 412
612 605 618 604
607 606 608 600
419 418 420 412
419 411 425 410
617 609 623 608
610 609 611 603
417 416 418 410
417 409 423 408
621 612 626 611
614 613 615 607
414 413 415 407
414 406 420 405
623 614 628 613
617 616 618 610
409 407 411 404
411 403 417 402
624 616 630 615
622 621 623 615
407 406 408 400
409 401 415 400
628 620 634 619
624 623 625 617
404 402 406 399
405 398 411 397
631 622 636 621
626 625 627 619
402 401 403 395
404 396 410 395
633 624 638 623
628 627 629 621
399 392 405 391
396 390 402 389
639 630 644 629
632 631 633 625
395 388 401 387
393 392 394 386
641 632 646 631
634 633 635 627
391 390 392 384
393 385 399 384
642 634 648 633
636 635 637 629
389 383 395 382
389 381 395 380
644 636 650 635
638 637 639 631
386 379 392 378
384 383 385 377
648 639 653 638
644 643 645 637
383 376 389 375
382 374 388 373
649 641 655 640
646 645 647 639
378 376 380 373
379 371 385 370
652 643 657 642
650 649 651 643
374 372 376 369
373 366 379 365
656 648 662 647
652 651 653 645
370 364 376 363
370 362 376 361
658 650 664 649
654 653 655 647
367 365 369 362
368 360 374 359
661 653 667 652
656 655 657 649
364 358 370 357
363 356 369 355
663 656 669 655
658 657 659 651
360 358 362 355
362 354 368 353
667 658 672 657
661 660 662 654
355 353 357 350
359 351 365 350
671 662 676 661
665 664 666 658
355 349 361 348
353 352 354 346
672 664 678 663
667 666 668 660
350 348 352 345
351 344 357 343
673 666 679 665
669 668 670 662
348 347 349 341
350 342 356 341
676 668 682 667
674 672 676 669
346 340 352 339
346 338 352 337
680 671 685 670
678 677 679 671
344 343 345 337
344 336 350 335
680 673 686 672
681 680 682 674
342 341 343 335
342 334 348 333
684 675 689 674
683 682 684 676
338 332 344 331
338 330 344 329
685 677 691 676
685 684 686 678
336 335 337 329
334 333 335 327
688 681 694 680
689 688 690 682
333 326 339 325
331 330 332 324
691 683 697 682
692 691 693 685
329 328 330 322
331 323 337 322
696 687 701 686
694 693 695 687
326 324 328 321
329 321 335 320
698 689 703 688
697 696 698 690
325 319 331 318
325 317 331 316
700 691 705 690
699 698 700 692
322 320 324 317
323 315 329 314
701 693 707 692
701 700 702 694
320 313 326 312
319 311 325 310
704 697 710 696
705 704 706 698
316 309 322 308
314 313 315 307
708 699 713 698
707 706 708 700
311 309 313 306
312 304 318 303
712 704 718 703
709 708 710 702
309 308 310 302
309 301 315 300
713 707 719 706
715 714 716 708
307 306 308 300
307 299 313 298
721 712 726 711
718 717 719 711
304 303 305 297
304 296 310 295
722 714 728 713
720 719 721 713
302 301 303 295
302 294 308 293
724 716 730 715
722 721 723 715
298 292 304 291
297 290 303 289
727 718 732 717
725 724 726 718
294 288 300 287
294 286 300 285
729 720 734 719
728 727 729 721
292 291 293 285
292 284 298 283
730 722 736 721
730 729 731 723
288 287 289 281
288 280 294 279
733 725 739 724
734 733 735 727
284 283 285 277
286 278 292 277
739 730 744 729
738 737 739 731
281 279 283 276
284 276 290 275
741 732 746 731
740 739 741 733
280 274 286 273
280 272 286 271
742 734 748 733
743 742 744 736
277 275 279 272
278 270 284 269
745 737 751 736
746 745 747 739
274 272 276 269
274 268 280 267
750 741 755 740
749 748 750 742
272 266 278 265
272 264 278 263
751 743 757 742
751 750 752 744
268 266 270 263
269 262 275 261
754 745 759 744
753 752 754 746
266 260 272 259
266 258 272 257
756 748 762 747
756 755 757 749
264 263 265 257
264 256 270 255
760 752 766 751
758 757 759 751
262 261 263 255
260 259 261 253
763 755 769 754
760 759 761 753
258 252 264 251
257 249 263 248
768 759 773 758
764 763 765 757
255 253 257 250
255 247 261 246
774 766 780 765
767 766 768 760
250 248 252 245
252 244 258 243
776 768 782 767
771 770 772 764
248 242 254 241
246 240 252 239
780 771 785 770
774 773 775 767
245 238 251 237
243 242 244 236
784 775 789 774
778 777 779 771
240 234 246 233
239 232 245 231
786 778 792 777
781 780 782 774
236 230 242 229
235 227 241 226
788 780 794 779
784 783 785 777
233 232 234 226
233 225 239 224
790 782 796 781
790 784 796 783
231 230 232 224
230 223 236 222
794 786 800 785
788 787 789 781
227 221 233 220
227 219 233 218
796 788 802 787
792 791 793 785
224 217 230 216
223 215 229 214
798 790 804 789
796 795 797 789
219 218 220 212
218 211 224 210
801 792 806 791
798 797 799 791
216 209 222 208
216 207 221 206
803 794 808 793
800 799 801 793
214 213 215 207
213 205 219 204
805 796 810 795
804 803 805 797
210 208 212 205
210 203 216 202
808 800 814 799
806 805 807 799
207 205 209 202
207 201 213 200
812 803 817 802
808 807 809 801
205 199 211 198
205 197 211 196
813 805 819 804
810 809 811 803
202 201 203 195
201 193 207 192
815 807 821 806
813 812 814 806
199 197 201 194
198 191 204 190
817 810 823 809
815 814 816 808
195 189 201 188
194 187 200 186
822 813 827 812
818 817 819 811
192 185 198 184
190 189 191 183
823 815 829 814
821 820 822 814
188 187 189 181
188 180 194 179
826 818 832 817
824 823 825 817
185 184 186 178
183 176 189 175
829 820 834 819
826 825 827 819
181 180 182 174
180 172 186 171
834 825 839 824
828 827 829 821
178 176 180 173
178 170 184 169
834 828 840 827
830 829 831 823
175 174 176 168
175 167 181 166
840 831 845 830
832 831 833 825
172 171 173 165
172 164 178 163
842 833 847 832
836 835 837 829
169 167 171 164
170 162 176 161
844 835 849 834
839 838 840 832
167 166 168 160
167 159 173 158
847 838 852 837
844 843 845 837
165 164 166 158
164 157 170 156
849 840 854 839
846 845 847 839
161 160 162 154
163 155 169 154
852 843 857 842
848 847 849 841
159 158 160 152
157 156 158 150
854 845 859 844
852 851 853 845
155 154 156 148
157 149 163 148
856 848 862 847
854 853 855 847
151 149 153 146
155 147 161 146
859 850 864 849
856 855 857 849
151 145 157 144
151 143 157 142
861 852 866 851
858 857 859 851
147 146 148 140
149 141 155 140
863 855 869 854
861 860 862 854
145 144 146 138
147 139 153 138
864 857 870 856
866 865 867 859
143 142 144 136
145 137 151 136
871 862 876 861
868 867 869 861
141 140 142 134
143 135 149 134
872 865 878 864
873 872 874 866
139 138 140 132
141 133 147 132
875 867 881 866
876 875 877 869
137 136 138 130
139 131 145 130
879 871 885 870
879 878 880 872
135 134 136 128
135 127 141 126
881 873 887 872
881 880 882 874
133 132 134 126
133 125 139 124
884 875 889 874
883 882 884 876
131 130 132 124
130 122 136 121
887 878 892 877
885 884 886 878
128 127 129 121
128 120 134 119
890 881 895 880
887 886 888 880
124 123 125 117
124 116 130 115
893 884 898 883
889 888 890 882
121 119 123 116
121 114 127 113
898 890 904 889
892 891 893 885
119 118 120 112
119 111 125 110
901 893 907 892
894 893 895 887
117 116 118 110
117 109 123 108
903 895 909 894
896 895 897 889
114 113 115 107
114 106 120 105
906 897 911 896
898 897 899 891
112 111 113 105
111 104 117 103
907 899 913 898
907 906 908 900
109 102 115 101
108 100 114 99
909 901 915 900
909 908 910 902
106 105 107 99
106 98 112 97
911 903 917 902
911 910 912 904
102 101 103 95
104 96 110 95
913 905 919 904
913 912 914 906
100 99 101 93
102 94 108 93
915 907 921 906
915 914 916 908
98 97 99 91
100 92 106 91
918 909 923 908
917 916 918 910
97 90 103 89
96 88 102 87
920 912 926 911
921 920 922 914
94 92 96 89
94 86 100 85
923 915 929 914
923 922 924 916
91 89 93 86
92 84 98 83
926 917 931 916
925 924 926 918
87 81 93 80
87 79 93 78
928 920 934 919
928 927 929 921
83 82 84 76
85 77 91 76
930 922 936 921
930 929 931 923
81 75 87 74
81 73 87 72
932 924 938 923
933 932 934 926
77 71 83 70
77 69 83 68
935 927 941 926
935 934 936 928
73 72 74 66
75 67 81 66
938 929 943 928
939 938 940 932
71 65 77 64
70 62 76 61
941 933 947 932
941 940 942 934
66 65 67 59
66 58 72 57
945 936 950 935
944 943 945 937
64 63 65 57
64 56 70 55
946 938 952 937
946 945 947 939
59 57 61 54
62 54 68 53
950 941 955 940
948 947 949 941
58 52 64 51
58 50 64 49
953 944 958 943
950 949 951 943
54 53 55 47
56 48 62 47
955 948 961 947
957 956 958 950
52 46 58 45
51 43 57 42
959 951 965 950
959 958 960 952
47 45 49 42
46 40 52 39
963 956 969 955
961 960 962 954
44 43 45 37
46 38 52 37
967 958 972 957
964 963 965 957
42 41 43 35
44 36 50 35
969 960 974 959
967 966 968 960
40 39 41 33
39 31 45 30
969 962 975 961
970 969 971 963
37 36 38 30
37 29 43 28
972 964 978 963
972 971 973 965
35 34 36 28
35 27 41 26
977 968 982 967
974 973 975 967
33 32 34 26
33 25 39 24
978 970 984 969
976 975 977 969
30 29 31 23
29 22 35 21
980 972 986 971
978 977 979 971
26 20 32 19
26 18 32 17
982 974 988 973
984 983 985 977
23 21 25 18
22 16 28 15
986 978 992 977
986 985 987 979
20 14 26 13
20 12 26 11
988 981 994 980
990 989 991 983
16 14 18 11
18 10 24 9
992 984 998 983
995 994 996 988
14 8 20 7
12 4 18 3
993 986 999 985
998 997 999 991
7 5 9 2
10 2 16 1
