3949
97 99 122 119
102 105 124 122
98 100 128 125
94 97 127 125
103 105 121 118
104 106 128 125
101 103 131 128
93 98 124 123
96 99 118 116
104 107 131 129
95 97 131 128
93 96 122 120
100 102 119 116
106 108 124 121
99 100 134 129
93 95 119 116
103 105 117 114
106 109 120 118
95 98 134 132
91 93 128 125
94 96 115 112
108 110 132 129
101 103 135 132
90 92 121 118
100 102 115 112
109 111 124 121
105 106 137 132
90 92 117 114
97 99 114 111
107 112 126 125
93 94 137 132
89 94 130 129
106 108 114 111
107 112 128 127
90 92 137 134
89 92 124 122
103 105 113 110
107 112 134 133
108 110 138 135
89 92 113 111
109 110 115 110
111 113 115 112
98 100 138 135
88 90 128 125
100 102 111 108
110 113 120 118
95 97 138 135
87 89 134 131
97 99 110 107
111 113 132 129
102 104 139 136
87 89 121 118
106 108 110 107
111 113 141 138
105 107 141 138
86 88 113 110
94 95 111 106
109 114 117 116
92 94 141 138
85 87 128 125
103 105 109 106
112 114 124 121
88 89 141 136
85 88 124 122
109 111 109 106
113 115 136 133
108 110 142 139
85 90 109 108
114 116 109 106
114 116 113 110
96 98 142 139
84 86 138 135
91 92 110 105
113 116 127 125
102 104 143 140
84 86 134 131
85 87 107 104
114 116 131 128
90 91 143 138
84 86 121 118
88 90 107 104
114 116 140 137
100 101 144 139
84 89 117 116
100 102 107 104
114 116 144 141
92 95 144 142
84 89 115 114
96 98 106 103
114 117 120 118
111 113 145 142
83 88 130 129
106 108 106 103
115 117 124 121
105 107 145 142
82 87 140 139
112 113 108 103
116 118 135 132
87 89 145 142
82 84 128 125
93 95 105 102
114 119 105 104
108 110 146 143
82 85 113 111
103 105 105 102
117 119 109 106
97 99 146 143
81 86 144 143
109 111 105 102
114 119 115 114
102 104 147 144
81 83 138 135
83 84 106 101
117 119 128 125
114 116 148 145
81 83 134 131
85 87 103 100
117 119 139 136
94 96 148 145
81 84 124 122
88 90 103 100
117 119 143 140
83 85 148 145
81 83 121 118
99 101 103 100
117 119 147 144
111 113 149 146
81 83 117 114
117 119 103 100
117 120 112 110
105 107 149 146
80 82 105 102
91 92 104 99
118 120 119 116
90 91 149 144
79 81 142 139
96 98 102 99
118 120 123 120
108 110 150 147
79 84 110 109
106 108 102 99
117 122 130 129
100 101 150 145
78 80 146 143
112 114 102 99
119 122 134 132
97 99 150 147
78 80 138 135
93 95 101 98
120 122 146 143
117 119 151 148
78 80 134 131
102 104 101 98
120 123 106 104
102 104 151 148
78 81 128 126
109 111 101 98
120 123 115 113
92 93 151 146
78 80 125 122
115 116 103 98
120 123 126 124
87 88 151 146
78 80 117 114
120 121 103 98
120 123 139 137
114 116 152 149
78 81 113 111
82 84 100 97
120 123 142 140
94 96 152 149
78 80 101 98
85 87 99 96
122 124 103 100
83 85 152 149
77 82 152 151
88 90 99 96
121 124 112 110
111 113 153 150
77 82 150 149
99 101 99 96
121 124 118 116
105 107 153 150
77 82 148 147
117 119 99 96
121 124 151 149
89 91 153 150
77 82 130 129
96 98 98 95
120 125 109 108
108 110 154 151
77 82 108 107
105 107 98 95
120 125 128 127
97 99 154 151
77 79 106 103
112 114 98 95
120 125 136 135
120 122 155 152
76 78 142 139
93 95 97 94
124 125 142 137
117 119 155 152
76 77 128 123
102 104 97 94
123 125 146 143
102 104 155 152
76 79 121 119
108 110 97 94
124 126 107 104
86 88 155 152
75 76 152 147
120 122 97 94
121 126 120 119
76 79 155 153
75 77 146 143
82 84 96 93
121 126 122 121
114 116 156 153
75 77 138 135
77 78 97 92
124 126 126 123
100 101 156 151
75 77 134 131
79 81 95 92
123 126 131 129
94 96 156 153
75 77 118 115
85 87 95 92
123 126 134 132
83 85 156 153
75 77 114 111
88 90 95 92
125 127 98 95
80 82 156 153
75 77 102 99
99 101 95 92
125 127 103 100
123 124 157 152
74 76 106 103
115 116 97 92
124 127 115 113
111 113 157 154
74 76 95 92
117 119 95 92
122 127 148 147
105 107 157 154
73 75 142 139
91 92 96 91
125 127 152 149
92 93 157 152
73 75 126 123
96 98 94 91
125 127 156 153
89 91 157 154
73 78 110 109
105 107 94 91
125 128 118 116
97 99 158 155
72 74 155 152
111 113 94 91
127 128 134 129
120 122 159 156
72 74 151 148
123 124 96 91
126 128 138 135
117 119 159 156
72 74 146 143
102 104 93 90
126 128 142 139
102 104 159 156
72 74 138 135
108 110 93 90
126 128 146 143
77 79 159 156
72 74 134 131
120 122 93 90
126 128 160 157
114 116 160 157
72 74 118 115
125 128 92 90
127 129 107 104
109 110 160 155
72 74 114 111
82 84 92 89
127 129 122 119
105 108 160 158
72 74 102 99
75 77 91 88
127 129 126 123
94 96 160 157
72 75 98 96
78 80 91 88
128 130 99 96
81 83 160 157
71 76 130 129
85 87 91 88
128 130 103 100
111 113 161 158
71 76 108 107
88 90 91 88
125 130 111 110
89 91 161 158
71 73 106 103
93 95 91 88
128 130 115 112
87 88 161 156
71 73 95 92
99 101 91 88
128 130 152 149
75 76 161 156
70 72 142 139
114 116 91 88
128 130 156 153
100 101 162 157
70 75 128 127
117 119 91 88
128 131 95 93
97 99 162 159
70 72 126 123
96 98 90 87
126 131 109 108
85 86 162 157
69 71 157 154
105 107 90 87
126 131 128 127
123 124 163 158
69 71 153 150
111 113 90 87
129 131 132 129
120 122 163 160
69 71 149 146
72 73 91 86
129 131 138 135
117 119 163 160
69 71 134 131
102 104 89 86
129 131 142 139
102 104 163 160
69 74 122 121
108 110 89 86
129 131 146 143
92 93 163 158
69 71 118 115
120 122 89 86
129 131 160 157
81 84 163 161
69 71 114 111
125 127 89 86
129 132 92 90
125 127 164 161
69 71 102 99
74 77 87 85
130 132 107 104
114 116 164 161
68 71 145 143
81 83 88 85
131 132 115 110
108 110 164 161
68 71 138 136
91 92 90 85
129 132 118 116
94 96 164 161
68 70 107 104
123 124 90 85
130 132 122 119
73 74 164 159
68 71 98 96
69 71 87 84
130 132 126 123
69 72 164 162
67 72 159 158
78 80 87 84
128 133 89 88
111 113 165 162
67 69 142 139
84 86 87 84
131 133 99 96
105 107 165 162
67 69 126 123
87 89 87 84
131 133 103 100
89 91 165 162
67 72 110 109
93 95 87 84
132 133 132 127
85 88 165 163
67 70 95 93
99 101 87 84
128 133 148 147
79 80 165 160
67 69 92 89
114 116 87 84
131 133 152 149
128 129 166 161
66 68 157 154
117 119 87 84
131 133 156 153
121 124 166 164
66 68 149 146
129 131 87 84
129 134 134 133
99 101 166 163
66 68 134 131
67 68 88 83
132 134 138 135
77 78 166 161
66 71 120 119
72 77 84 83
132 134 142 139
130 131 167 162
66 68 118 115
96 98 86 83
132 134 146 143
118 120 167 164
66 68 114 111
105 107 86 83
132 134 160 157
102 104 167 164
66 68 103 100
111 113 86 83
132 135 95 93
82 84 167 164
65 68 153 151
102 104 85 82
133 135 107 104
75 76 167 162
65 67 138 135
108 110 85 82
133 135 114 111
71 74 167 165
65 70 130 129
120 122 85 82
133 135 122 119
115 117 168 165
65 67 99 96
126 128 85 82
133 135 126 123
111 114 168 166
64 69 161 160
90 92 84 81
133 136 92 90
108 110 168 165
64 67 145 143
123 125 84 81
134 136 99 96
97 98 168 163
64 66 142 139
69 71 83 80
134 136 103 100
94 96 168 165
64 69 128 127
78 80 83 80
134 136 130 127
105 107 169 166
64 66 126 123
83 85 83 80
135 136 134 131
92 93 169 164
64 67 108 106
86 88 83 80
134 136 153 150
89 91 169 166
64 65 105 100
93 95 83 80
134 136 164 161
86 88 169 166
64 66 95 92
99 101 83 80
135 137 87 84
79 81 169 166
64 66 86 83
114 116 83 80
132 137 109 108
66 68 169 166
63 68 163 162
117 119 83 80
135 137 138 135
126 127 170 165
63 68 122 121
129 131 83 80
135 137 142 139
123 125 170 167
63 65 114 111
132 133 85 80
135 137 146 143
119 122 170 168
63 66 89 87
134 136 83 80
134 137 149 147
99 101 170 167
62 65 156 154
72 74 82 79
135 137 160 157
69 70 170 165
62 65 148 146
81 82 84 79
132 137 166 165
115 118 171 169
62 64 138 135
96 98 82 79
135 137 170 167
102 104 171 168
62 65 134 132
105 107 82 79
136 138 107 104
83 85 171 168
62 65 120 118
108 110 81 78
133 138 116 115
74 76 171 168
62 64 99 96
120 122 81 78
136 138 122 119
71 73 171 168
62 67 82 81
63 65 80 77
136 138 126 123
63 65 171 168
61 64 166 164
66 68 80 77
134 139 89 88
128 129 172 167
61 66 159 158
89 91 80 77
136 139 95 93
112 114 172 169
61 64 153 151
111 112 82 77
137 139 99 96
109 111 172 169
61 63 145 142
113 116 79 77
137 139 103 100
94 96 172 169
61 64 131 129
123 125 80 77
136 139 114 112
77 78 172 167
61 66 110 109
69 71 79 76
137 139 130 127
130 131 173 168
61 63 108 105
75 76 81 76
134 139 155 154
89 91 173 170
61 66 91 90
77 79 79 76
137 139 164 161
86 88 173 170
61 63 86 83
83 85 79 76
137 140 83 81
80 82 173 170
60 62 170 167
86 88 79 76
138 140 87 84
135 137 174 171
60 65 150 149
92 94 79 76
137 140 92 90
125 127 174 171
60 63 141 139
99 101 79 76
138 140 111 108
122 124 174 171
60 63 127 125
102 103 81 76
137 140 133 131
99 101 174 171
60 65 117 116
126 127 81 76
138 140 137 134
133 134 175 170
60 62 114 111
128 130 79 76
138 140 141 138
119 121 175 172
60 63 104 102
131 133 79 76
138 140 145 142
116 118 175 172
59 61 138 135
134 136 79 76
137 140 152 150
112 115 175 173
59 60 110 105
72 74 78 75
138 140 160 157
107 108 175 170
59 61 99 96
80 82 78 75
138 140 168 165
102 104 175 172
58 63 161 160
95 97 78 75
139 141 107 104
97 98 175 170
58 61 157 155
61 62 79 74
136 141 118 117
92 93 175 170
58 60 154 151
108 110 77 74
139 141 122 119
83 85 175 172
58 61 148 146
117 118 79 74
138 141 148 146
74 76 175 172
58 60 145 142
119 121 77 74
140 142 80 77
71 73 175 172
58 61 134 132
63 65 76 73
140 142 96 93
67 68 175 170
58 63 124 123
66 68 76 73
140 142 130 127
64 66 175 172
58 63 95 94
89 91 76 73
140 142 156 153
109 111 176 173
58 63 93 92
104 105 78 73
140 142 164 161
94 96 176 173
57 59 170 167
106 107 78 73
141 143 84 81
77 79 176 173
57 60 166 164
111 113 76 73
140 143 102 100
69 70 176 171
57 60 131 129
114 116 76 73
141 143 111 108
59 61 176 173
57 59 128 125
122 124 76 73
140 143 114 112
139 141 177 174
57 59 118 115
137 138 78 73
141 143 137 134
130 132 177 174
57 59 114 111
69 71 75 72
141 143 141 138
89 91 177 174
57 58 110 105
75 77 75 72
141 143 145 142
86 88 177 174
57 62 101 100
83 85 75 72
141 143 152 149
80 82 177 174
57 62 89 88
86 88 75 72
141 143 160 157
57 58 177 172
56 61 163 162
99 101 75 72
141 143 168 165
136 138 178 175
56 59 141 139
125 127 75 72
138 143 172 171
128 129 178 173
56 58 138 135
128 130 75 72
142 143 178 173
125 127 178 175
56 61 120 119
131 133 75 72
141 144 87 85
122 124 178 175
56 59 104 102
134 136 75 72
141 144 99 97
99 101 178 175
56 58 99 96
80 82 74 71
142 144 106 103
133 135 179 176
56 61 82 81
95 97 74 71
139 144 116 115
119 121 179 176
56 58 79 76
139 141 74 71
142 144 120 117
113 115 179 176
55 60 159 158
78 79 75 70
139 144 124 123
106 108 179 176
55 57 157 154
92 93 75 70
139 144 126 125
103 105 179 176
55 57 148 145
102 103 75 70
141 144 133 131
83 85 179 176
55 60 91 90
108 110 73 70
139 144 170 169
74 76 179 176
55 60 87 86
117 119 73 70
142 145 76 74
71 73 179 176
55 60 85 84
59 61 72 69
143 145 80 77
64 66 179 176
55 60 75 74
62 64 72 69
140 145 89 88
62 63 179 174
55 58 73 71
65 67 72 69
143 145 95 92
110 112 180 177
54 56 175 172
72 73 74 69
143 145 130 127
94 96 180 177
54 56 171 168
89 91 72 69
142 145 148 146
77 79 180 177
54 56 167 164
104 106 72 69
143 145 156 153
59 61 180 177
54 57 153 151
111 113 72 69
143 145 164 161
55 58 180 178
54 59 150 149
114 116 72 69
144 146 84 81
130 132 181 178
54 57 144 142
122 124 72 69
141 146 91 90
117 118 181 176
54 57 134 132
68 70 71 68
144 146 110 107
97 98 181 176
54 56 131 128
74 76 71 68
144 146 114 111
92 93 181 176
54 59 122 121
83 85 71 68
144 146 137 134
89 91 181 178
54 56 112 109
86 88 71 68
144 146 141 138
86 88 181 178
54 56 108 105
94 97 70 68
144 146 145 142
80 82 181 178
53 55 141 138
98 100 71 68
144 146 160 157
67 68 181 176
53 56 127 125
120 121 73 68
144 146 174 171
137 139 182 179
53 56 118 116
128 130 71 68
144 146 178 175
125 127 182 179
53 56 115 113
131 133 71 68
145 147 73 70
122 124 182 179
53 55 99 96
134 136 71 68
145 147 99 96
100 102 182 179
53 55 83 80
55 57 70 67
144 147 102 100
69 70 182 177
53 55 79 76
80 82 70 67
145 147 106 103
140 141 183 178
52 54 181 178
137 138 72 67
142 147 122 121
133 135 183 180
52 57 161 160
139 141 70 67
145 147 126 123
119 121 183 180
52 54 159 156
64 67 68 66
144 147 151 149
113 115 183 180
52 54 148 145
77 79 69 66
144 147 167 165
107 109 183 180
52 55 137 135
107 109 69 66
142 147 180 179
104 106 183 180
52 57 124 123
117 119 69 66
146 148 80 77
83 85 183 180
52 55 104 102
125 126 71 66
145 148 87 85
74 76 183 180
52 57 95 94
142 143 71 66
145 148 117 115
71 73 183 180
52 54 93 90
58 60 68 65
145 148 120 118
64 66 183 180
52 54 87 84
61 63 68 65
146 148 130 127
128 129 184 179
52 54 73 70
71 73 68 65
145 148 133 131
110 112 184 181
51 56 177 176
89 91 68 65
146 148 155 152
94 96 184 181
51 53 175 172
101 103 68 65
146 148 164 161
77 79 184 181
51 53 171 168
104 106 68 65
146 149 69 67
59 61 184 181
51 53 167 164
110 112 68 65
147 149 84 81
56 58 184 181
51 53 152 149
122 124 68 65
146 149 94 92
143 145 185 182
51 53 134 131
68 70 67 64
147 149 110 107
130 132 185 182
51 53 112 109
83 85 67 64
147 149 114 111
116 118 185 182
51 53 108 105
86 88 67 64
147 149 137 134
100 103 185 183
51 56 101 100
92 93 69 64
147 149 141 138
91 93 185 182
51 56 89 88
94 96 67 64
147 149 145 142
88 90 185 182
50 55 163 162
97 99 67 64
146 149 148 146
53 55 185 182
50 53 144 142
127 129 67 64
147 149 160 157
146 147 186 181
50 53 130 128
130 132 67 64
147 149 174 171
137 139 186 183
50 55 120 119
133 135 67 64
147 149 178 175
133 136 186 184
50 52 99 96
53 54 68 63
147 150 66 64
124 126 186 183
50 52 83 80
55 57 66 63
148 150 73 70
140 142 187 184
50 52 79 76
80 82 66 63
148 150 98 95
119 121 187 184
49 51 181 178
113 114 68 63
148 150 102 99
113 115 187 184
49 54 155 154
115 116 68 63
148 150 106 103
107 109 187 184
49 51 148 145
139 141 66 63
149 150 120 115
98 99 187 182
49 52 141 139
144 145 68 63
148 150 124 121
94 97 187 185
49 51 138 135
64 66 65 62
145 150 169 168
86 87 187 182
49 52 127 125
74 75 67 62
148 150 182 179
83 85 187 184
49 51 124 121
76 78 65 62
148 150 186 183
81 82 187 182
49 52 118 116
107 109 65 62
146 151 75 74
74 76 187 184
49 51 93 90
120 121 67 62
149 151 80 77
71 73 187 184
49 51 87 84
146 151 63 62
146 151 89 88
67 68 187 182
49 54 75 74
58 60 64 61
149 151 128 125
64 66 187 184
49 51 73 70
61 63 64 61
149 151 132 129
127 129 188 185
48 50 175 172
67 70 63 61
148 151 151 149
110 112 188 185
48 50 171 168
71 73 64 61
149 151 155 152
78 80 188 185
48 50 167 164
89 91 64 61
149 151 164 161
69 70 188 183
48 51 161 159
103 105 64 61
148 151 167 165
62 63 188 183
48 50 152 149
110 112 64 61
146 151 188 187
59 61 188 185
48 50 134 131
117 119 64 61
150 152 84 81
56 58 188 185
48 51 115 113
122 124 64 61
149 152 87 85
143 145 189 186
48 50 112 109
136 138 64 61
150 152 110 107
130 132 189 186
48 50 108 105
53 56 62 60
150 152 114 111
116 118 189 186
48 50 69 66
83 85 63 60
150 152 139 136
105 106 189 184
47 49 185 182
86 88 63 60
150 152 143 140
100 102 189 186
47 49 99 96
92 94 63 60
150 152 147 144
91 93 189 186
47 49 83 80
95 97 63 60
150 152 159 156
88 90 189 186
47 49 79 76
125 126 65 60
150 152 175 172
51 52 189 184
47 48 75 70
127 129 63 60
150 153 69 67
137 139 190 187
47 50 65 63
130 132 63 60
148 153 91 90
134 136 190 187
46 48 181 178
133 135 63 60
151 153 99 96
124 126 190 187
46 51 158 157
142 143 65 60
151 153 106 103
140 142 191 188
46 48 156 153
51 52 64 59
151 153 121 118
122 123 191 186
46 48 148 145
79 81 62 59
151 153 171 168
113 115 191 188
46 49 144 142
100 101 64 59
150 153 178 176
107 109 191 188
46 48 141 138
113 115 62 59
151 153 182 179
97 99 191 188
46 49 130 128
139 141 62 59
151 154 66 64
85 87 191 188
46 48 124 121
64 66 61 58
151 154 72 70
82 84 191 188
46 51 104 103
74 76 61 58
152 154 76 73
75 77 191 188
46 51 95 94
98 99 63 58
152 154 80 77
72 74 191 188
46 48 93 90
106 108 61 58
151 154 102 100
66 68 191 188
46 48 87 84
144 146 61 58
151 154 117 115
54 55 191 186
45 50 177 176
147 149 61 58
151 154 124 122
149 151 192 189
45 47 175 172
53 56 59 57
152 154 128 125
146 148 192 189
45 47 171 168
57 59 60 57
152 154 132 129
127 129 192 189
45 47 167 164
60 62 60 57
152 154 151 148
110 112 192 189
45 47 152 149
67 69 60 57
152 154 155 152
79 81 192 189
45 48 137 135
70 72 60 57
152 154 163 160
69 71 192 189
45 47 134 131
89 91 60 57
152 154 167 164
61 63 192 189
45 48 127 125
102 104 60 57
151 154 185 183
56 58 192 189
45 47 116 113
109 111 60 57
152 154 189 186
48 50 192 189
45 47 112 109
116 118 60 57
153 155 84 81
131 133 193 190
45 47 108 105
122 124 60 57
150 155 93 92
120 121 193 188
45 50 102 101
136 138 60 57
153 155 110 107
117 119 193 190
45 50 89 88
150 152 60 57
153 155 114 111
103 104 193 188
45 47 69 66
47 50 58 56
150 155 134 133
100 102 193 190
45 50 62 61
77 78 61 56
153 155 138 135
95 96 193 188
45 50 60 59
82 84 59 56
153 155 147 144
92 94 193 190
44 47 192 190
85 87 59 56
153 155 159 156
89 91 193 190
44 46 189 186
92 94 59 56
153 155 175 172
64 65 193 188
44 46 185 182
95 97 59 56
153 156 87 85
137 139 194 191
44 49 163 162
120 121 61 56
151 156 95 94
134 136 194 191
44 47 161 159
128 130 59 56
154 156 99 96
124 126 194 191
44 49 120 119
131 133 59 56
154 156 106 103
51 53 194 191
44 46 100 97
153 155 59 56
154 156 121 118
144 145 195 190
44 46 80 77
79 81 58 55
153 156 143 141
141 143 195 192
44 46 76 73
112 114 58 55
154 156 171 168
107 109 195 192
43 45 181 178
139 141 58 55
154 156 182 179
105 106 195 190
43 45 158 155
63 65 57 54
152 157 63 62
97 99 195 192
43 44 154 149
73 75 57 54
154 157 69 67
86 88 195 192
43 45 148 145
105 107 57 54
155 157 73 70
83 85 195 192
43 45 144 141
125 126 59 54
155 157 79 76
76 78 195 192
43 45 124 121
134 135 59 54
152 157 89 88
73 75 195 192
43 48 118 117
142 143 59 54
155 157 125 122
66 68 195 192
43 45 93 90
144 146 57 54
155 157 129 126
59 60 195 190
43 46 83 81
147 149 57 54
155 157 151 148
152 154 196 193
43 46 72 70
47 50 55 53
155 157 155 152
146 148 196 193
43 46 65 63
54 56 56 53
155 157 163 160
128 130 196 193
43 46 58 56
57 59 56 53
155 157 167 164
117 120 196 194
43 46 55 53
60 62 56 53
154 157 178 176
111 113 196 193
42 44 171 168
68 70 56 53
154 157 192 190
90 93 196 194
42 44 167 164
100 101 58 53
156 158 61 58
80 82 196 193
42 45 140 138
102 104 56 53
155 158 66 64
70 72 196 193
42 44 137 134
108 110 56 53
156 158 83 80
61 63 196 193
42 45 130 128
115 117 56 53
155 158 102 100
56 58 196 193
42 44 116 113
118 121 55 53
156 158 110 107
48 50 196 193
42 44 112 109
122 124 56 53
156 158 114 111
137 140 197 195
42 44 108 105
136 138 56 53
155 158 117 115
124 127 197 195
42 45 96 94
150 152 56 53
155 158 132 130
122 123 197 192
42 45 87 85
153 156 55 53
156 158 136 133
115 116 197 192
42 44 69 66
51 52 57 52
153 158 140 139
102 104 197 194
42 44 62 59
76 78 55 52
156 158 147 144
94 96 197 194
41 46 194 193
82 84 55 52
156 158 159 156
54 55 197 192
41 43 185 182
85 87 55 52
156 158 175 172
155 156 198 193
41 44 174 172
92 94 55 52
155 158 189 187
150 151 198 193
41 43 163 160
95 97 55 52
157 159 87 84
134 136 198 195
41 44 133 131
98 99 57 52
154 159 91 90
146 149 199 197
41 43 100 97
127 129 55 52
157 159 95 92
143 145 199 196
41 43 80 77
130 132 55 52
157 159 99 96
132 133 199 194
41 43 76 73
66 67 56 51
157 159 106 103
128 131 199 197
40 43 190 188
71 72 56 51
157 159 121 118
108 110 199 196
40 42 181 178
79 81 54 51
157 159 171 168
105 107 199 196
40 42 159 156
88 89 56 51
157 159 182 179
100 101 199 194
40 42 155 152
90 91 56 51
157 159 198 195
97 99 199 196
40 42 151 148
111 113 54 51
158 160 70 67
87 89 199 196
40 42 147 144
139 141 54 51
155 160 75 74
84 86 199 196
40 45 104 103
157 160 53 51
158 160 79 76
77 79 199 196
40 42 93 90
63 65 53 50
158 160 125 122
74 76 199 196
40 42 84 81
105 107 53 50
158 160 129 126
67 69 199 196
40 42 56 53
133 135 53 50
158 160 151 148
64 65 199 194
39 44 196 195
142 144 53 50
158 160 155 152
51 53 199 196
39 44 177 176
145 147 53 50
158 160 163 160
45 47 199 196
39 41 171 168
43 45 52 49
158 160 167 164
152 154 200 197
39 41 167 164
46 48 52 49
155 160 184 183
117 119 200 197
39 42 143 141
54 56 52 49
155 160 186 185
112 114 200 197
39 41 137 134
57 59 52 49
158 160 193 190
91 93 200 197
39 44 127 126
60 62 52 49
156 161 57 56
71 73 200 197
39 42 125 123
68 70 52 49
159 161 61 58
61 63 200 197
39 41 112 109
102 104 52 49
158 161 73 71
56 58 200 197
39 41 108 105
108 110 52 49
159 161 83 80
42 44 200 197
39 44 102 101
114 116 52 49
159 161 110 107
39 41 200 197
39 44 89 88
117 119 52 49
159 161 114 111
141 142 201 196
39 42 72 70
120 122 52 49
159 161 133 130
138 140 201 198
39 41 69 66
136 138 52 49
156 161 138 137
134 137 201 199
39 42 65 63
150 152 52 49
159 161 146 143
125 127 201 198
39 41 62 59
153 155 52 49
158 161 178 176
122 124 201 198
38 43 192 191
51 53 51 48
159 162 66 64
102 104 201 198
38 43 187 186
73 74 53 48
160 162 87 84
94 96 201 198
38 40 185 182
75 77 51 48
160 162 99 96
65 70 201 200
38 40 163 160
82 84 51 48
159 162 102 100
59 60 201 196
38 41 140 138
85 87 51 48
159 162 117 115
156 158 202 199
38 43 120 119
88 91 50 48
160 162 121 118
120 121 202 197
38 41 118 116
92 94 51 48
159 162 136 134
82 83 202 197
38 41 115 113
95 97 51 48
157 162 142 141
49 50 202 197
38 41 96 94
125 126 53 48
161 162 164 159
45 48 202 200
38 41 87 85
127 129 51 48
160 162 171 168
149 151 203 200
38 40 80 77
130 132 51 48
160 162 182 179
146 148 203 200
37 39 181 178
148 149 53 48
159 162 189 187
143 145 203 200
37 40 175 173
41 42 52 47
160 162 197 194
128 130 203 200
37 39 159 156
78 80 50 47
158 163 55 54
115 116 203 198
37 39 155 152
100 101 52 47
162 163 61 56
109 111 203 200
37 39 151 148
111 113 50 47
158 163 63 62
106 108 203 200
37 39 147 144
123 124 52 47
161 163 70 67
99 101 203 200
37 40 133 131
139 141 50 47
161 163 77 74
88 90 203 200
37 42 122 121
142 145 49 47
162 163 83 78
85 87 203 200
37 39 93 90
156 158 50 47
160 163 95 93
77 79 203 200
37 39 84 81
159 161 50 47
160 163 105 103
74 76 203 200
37 40 76 74
49 50 51 46
161 163 125 122
54 55 203 198
37 42 58 57
63 65 49 46
161 163 129 126
51 53 203 200
37 39 56 53
105 107 49 46
161 163 152 149
153 155 204 201
37 39 52 49
133 135 49 46
161 163 193 190
112 114 204 201
36 38 198 195
38 40 48 45
159 164 89 88
71 73 204 201
36 39 190 188
43 45 48 45
161 164 92 90
62 64 204 201
36 38 172 169
46 48 48 45
162 164 110 107
56 58 204 201
36 38 137 134
54 56 48 45
162 164 114 111
42 44 204 201
36 41 130 129
57 59 48 45
162 164 133 130
39 41 204 201
36 38 128 125
60 62 48 45
159 164 140 139
156 159 205 203
36 38 112 109
66 67 50 45
162 164 146 143
140 142 205 202
36 38 108 105
71 72 50 45
161 164 155 153
137 139 205 202
36 38 102 99
98 99 50 45
159 164 157 156
134 136 205 202
36 38 73 70
102 104 48 45
161 164 167 165
132 133 205 200
36 38 69 66
114 116 48 45
159 164 173 172
125 127 205 202
36 38 65 62
117 119 48 45
159 164 175 174
122 124 205 202
35 38 204 202
120 122 48 45
161 164 185 183
103 105 205 202
35 38 201 199
126 129 47 45
161 164 200 198
97 98 205 200
35 40 194 193
136 138 48 45
162 164 205 202
94 96 205 202
35 37 187 184
150 152 48 45
163 165 87 84
80 81 205 200
35 38 166 164
162 163 50 45
163 165 102 99
68 70 205 202
35 37 163 160
51 53 47 44
163 165 118 115
65 67 205 202
35 38 143 141
73 75 47 44
163 165 161 158
59 61 205 202
35 37 120 117
81 83 47 44
163 165 171 168
118 119 206 201
35 37 116 113
86 88 47 44
162 165 178 176
92 93 206 201
35 40 98 97
89 91 47 44
163 165 182 179
82 84 206 203
35 37 80 77
95 97 47 44
163 165 189 186
48 50 206 203
35 38 61 59
130 132 47 44
161 166 53 52
45 47 206 203
34 36 181 178
146 147 49 44
164 166 59 56
148 150 207 204
34 36 159 156
68 69 48 43
164 166 63 60
129 131 207 204
34 36 155 152
78 80 46 43
163 166 66 64
115 117 207 204
34 36 151 148
108 109 48 43
164 166 70 67
109 111 207 204
34 36 147 144
139 141 46 43
164 166 77 74
100 102 207 204
34 37 140 138
142 144 46 43
164 166 81 78
85 87 207 204
34 36 124 121
153 154 48 43
163 166 98 96
77 79 207 204
34 39 104 103
156 158 46 43
164 166 106 103
74 76 207 204
34 37 96 94
159 161 46 43
163 166 121 119
52 54 207 204
34 36 93 90
63 65 45 42
164 166 125 122
153 155 208 205
34 37 87 85
76 77 47 42
164 166 129 126
120 121 208 203
34 36 84 81
84 85 47 42
161 166 148 147
112 114 208 205
34 36 58 55
92 93 47 42
164 166 152 149
71 73 208 205
34 36 54 51
105 107 45 42
163 166 164 162
58 61 208 206
34 39 44 43
133 135 45 42
164 166 193 190
55 57 208 205
33 34 204 199
148 149 47 42
165 166 203 198
42 44 208 205
33 35 198 195
41 42 46 41
164 167 47 45
39 41 208 205
33 38 177 176
43 45 44 41
165 167 51 48
36 38 208 205
33 36 175 173
46 48 44 41
162 167 72 71
162 164 209 206
33 35 172 169
54 56 44 41
164 167 95 93
159 161 209 206
33 35 137 134
57 59 44 41
165 167 110 107
156 158 209 206
33 36 133 131
60 62 44 41
165 167 114 111
151 152 209 204
33 35 129 126
100 101 46 41
162 167 138 137
146 147 209 204
33 35 112 109
102 104 44 41
165 167 146 143
144 145 209 204
33 35 102 99
110 111 46 41
165 167 175 172
141 143 209 206
33 38 89 88
114 116 44 41
165 167 207 204
138 140 209 206
33 35 69 66
117 119 44 41
166 168 87 84
135 137 209 206
33 35 65 62
123 124 46 41
165 168 90 88
126 128 209 206
33 36 48 46
125 127 44 41
166 168 118 115
123 125 209 206
32 37 192 191
150 152 44 41
165 168 133 131
107 108 209 204
32 35 190 188
162 164 44 41
163 168 135 134
103 105 209 206
32 34 187 184
165 167 44 41
163 168 142 141
97 99 209 206
32 37 168 167
49 50 45 40
165 168 157 155
94 96 209 206
32 34 163 160
51 53 43 40
166 168 161 158
90 91 209 204
32 34 120 117
70 72 43 40
166 168 170 167
68 70 209 206
32 34 116 113
73 75 43 40
166 168 179 176
65 67 209 206
32 35 108 106
86 88 43 40
165 168 185 183
132 134 210 207
32 34 80 77
89 91 43 40
166 168 189 186
88 89 210 205
32 35 74 72
94 96 43 40
163 168 195 194
82 84 210 207
31 36 183 182
112 113 45 40
163 168 197 196
63 64 210 205
31 33 181 178
130 132 43 40
164 169 55 54
46 48 210 207
31 33 159 156
141 144 42 40
167 169 59 56
34 35 210 205
31 33 155 152
145 147 43 40
167 169 63 60
148 150 211 208
31 33 151 148
34 36 42 39
167 169 70 67
142 147 211 210
31 33 147 144
37 39 42 39
167 169 78 75
115 117 211 208
31 34 143 141
66 67 44 39
166 169 101 99
109 111 211 208
31 33 98 95
78 80 42 39
167 169 105 102
85 87 211 208
31 33 94 91
98 99 44 39
167 169 125 122
80 81 211 206
31 33 84 81
120 121 44 39
167 169 129 126
77 79 211 208
31 36 76 75
136 137 44 39
167 169 152 149
74 76 211 208
31 34 61 59
153 155 42 39
166 169 182 180
52 54 211 208
31 33 58 55
156 158 42 39
167 169 193 190
39 42 211 209
31 33 54 51
159 161 42 39
167 169 202 199
153 155 212 209
31 36 50 49
63 65 41 38
168 170 43 40
120 122 212 209
31 33 42 39
81 82 43 38
168 170 47 44
112 114 212 209
30 32 206 203
83 85 41 38
168 170 51 48
100 102 212 209
30 32 202 199
105 107 41 38
167 170 66 64
92 93 212 207
30 32 198 195
133 135 41 38
167 170 81 79
71 73 212 209
30 32 177 174
43 45 40 37
165 170 92 91
60 62 212 209
30 32 173 170
46 48 40 37
167 170 98 96
57 59 212 209
30 33 140 138
54 56 40 37
167 170 121 119
50 51 212 207
30 32 137 134
57 59 40 37
165 170 140 139
43 45 212 209
30 32 133 130
60 62 40 37
168 170 146 143
163 165 213 210
30 32 129 126
68 69 42 37
165 170 154 153
160 162 213 210
30 32 112 109
102 104 40 37
165 170 166 165
157 159 213 210
30 32 105 102
108 109 42 37
168 170 174 171
139 141 213 210
30 35 71 70
114 116 40 37
166 171 83 82
136 138 213 210
30 32 69 66
117 119 40 37
169 171 87 84
130 131 213 208
30 32 65 62
122 124 40 37
168 171 95 93
127 129 213 210
30 32 48 45
125 127 40 37
168 171 109 107
124 126 213 210
29 31 210 207
138 139 42 37
168 171 114 112
118 119 213 208
29 34 194 193
140 143 39 37
169 171 118 115
106 108 213 210
29 31 192 189
144 147 39 37
169 171 133 130
103 105 213 210
29 31 188 185
148 150 40 37
169 171 158 155
97 99 213 210
29 34 166 165
162 164 40 37
169 171 178 175
94 96 213 210
29 31 164 161
165 167 40 37
169 171 189 186
68 70 213 210
29 31 120 117
40 42 39 36
169 171 197 194
65 67 213 210
29 32 101 99
49 51 39 36
168 171 207 205
133 135 214 211
29 32 90 88
70 72 39 36
167 172 53 52
89 91 214 211
29 31 80 77
73 75 39 36
170 172 62 59
82 84 214 211
28 30 184 181
76 77 41 36
170 172 70 67
74 77 214 212
28 31 169 167
86 88 39 36
167 172 74 73
46 48 214 211
28 30 160 157
89 91 39 36
170 172 78 75
37 38 214 209
28 30 156 153
95 97 39 36
169 172 90 88
34 36 214 211
28 30 152 149
128 129 41 36
170 172 102 99
31 33 214 211
28 30 148 145
130 132 39 36
170 172 106 103
151 152 215 210
28 30 144 141
32 34 38 35
170 172 125 122
148 150 215 212
28 33 125 124
37 39 38 35
170 172 129 126
145 147 215 212
28 33 123 122
78 80 38 35
169 172 138 136
109 111 215 212
28 31 116 114
92 93 40 35
167 172 148 147
86 88 215 212
28 31 108 106
98 100 38 35
170 172 152 149
79 81 215 212
28 30 98 95
110 111 40 35
169 172 161 159
52 54 215 212
28 30 94 91
151 152 40 35
167 172 163 162
166 167 216 211
28 33 87 86
153 155 38 35
169 172 169 167
154 156 216 213
28 30 85 82
156 158 38 35
170 172 182 179
121 123 216 213
28 31 74 72
159 161 38 35
169 172 185 183
112 114 216 213
28 29 71 66
168 170 38 35
170 172 193 190
100 102 216 213
28 33 44 43
63 65 37 34
167 172 209 208
71 73 216 213
27 30 213 211
81 83 37 34
171 173 40 37
63 64 216 211
27 29 206 203
105 107 37 34
171 173 51 48
60 62 216 213
27 29 202 199
133 135 37 34
170 173 58 56
57 59 216 213
27 29 198 195
35 36 38 33
171 173 66 63
55 56 216 211
27 30 180 178
43 45 36 33
168 173 72 71
43 45 216 213
27 29 177 174
46 48 36 33
168 173 111 110
168 169 217 212
27 29 173 170
54 56 36 33
171 173 142 139
163 165 217 214
27 28 166 161
57 59 36 33
171 173 146 143
160 162 217 214
27 29 138 135
60 62 36 33
171 173 173 170
157 159 217 214
27 29 134 131
66 67 38 33
170 173 202 200
143 144 217 212
27 29 130 127
101 103 36 33
168 173 204 203
140 142 217 214
27 29 113 110
112 113 38 33
171 174 45 43
137 139 217 214
27 29 105 102
114 116 36 33
171 174 81 79
133 136 217 215
27 29 65 62
117 119 36 33
172 174 87 84
130 132 217 214
27 30 61 59
123 125 36 33
171 174 98 96
127 129 217 214
27 30 56 54
136 137 38 33
172 174 115 112
124 126 217 214
27 30 53 51
138 140 36 33
171 174 121 119
116 117 217 212
27 29 48 45
141 143 36 33
169 174 135 134
106 108 217 214
27 30 42 40
144 146 36 33
172 174 158 155
103 105 217 214
27 28 39 34
147 149 36 33
171 174 166 164
97 99 217 214
26 28 191 188
162 164 36 33
172 174 177 174
94 96 217 214
26 28 121 118
165 167 36 33
172 174 189 186
68 70 217 214
26 28 80 77
29 30 37 32
172 174 197 194
65 67 217 214
25 28 210 208
31 34 34 32
169 174 211 210
41 42 217 212
25 26 207 202
40 42 35 32
170 175 55 54
25 26 217 212
25 28 194 192
49 51 35 32
173 175 62 59
170 172 218 215
25 28 187 185
71 73 35 32
173 175 70 67
92 93 218 213
25 27 184 181
74 76 35 32
173 175 78 75
89 91 218 215
25 26 166 161
86 88 35 32
173 175 102 99
83 85 218 215
25 27 160 157
89 91 35 32
173 175 106 103
74 76 218 215
25 27 156 153
94 96 35 32
172 175 109 107
55 60 218 217
25 27 152 149
97 100 34 32
172 175 118 116
50 51 218 213
25 27 148 145
120 121 37 32
173 175 125 122
47 49 218 215
25 27 144 141
126 128 35 32
173 175 129 126
39 40 218 213
25 27 117 114
129 131 35 32
173 175 152 149
36 38 218 215
25 27 109 106
37 39 34 31
173 175 162 159
33 35 218 215
25 28 101 99
52 53 36 31
174 175 173 170
30 32 218 215
25 27 98 95
77 79 34 31
173 175 181 178
27 29 218 215
25 27 94 91
80 83 33 31
173 175 185 182
151 153 219 216
25 28 90 88
84 85 36 31
173 175 193 190
148 150 219 216
25 27 87 84
108 109 36 31
170 175 199 198
145 147 219 216
25 30 76 75
150 152 34 31
172 175 207 205
119 120 219 214
25 27 74 71
153 155 34 31
170 175 213 212
86 88 219 216
25 27 70 67
156 158 34 31
173 175 217 214
80 82 219 216
25 30 58 57
159 161 34 31
171 176 36 35
52 54 219 216
25 26 56 51
168 170 34 31
174 176 40 37
154 156 220 217
24 26 201 198
63 65 33 30
171 176 42 41
121 123 220 217
24 26 180 177
104 106 33 30
171 176 47 46
112 114 220 217
24 26 173 170
132 134 33 30
174 176 51 48
100 102 220 217
24 29 140 139
171 173 33 30
174 176 66 63
71 73 220 217
24 26 138 135
43 45 32 29
173 176 90 88
62 64 220 217
24 26 134 131
46 48 32 29
171 176 92 91
44 46 220 217
24 26 130 127
54 56 32 29
173 176 138 136
173 175 221 218
24 26 113 110
57 59 32 29
174 176 142 139
167 169 221 218
24 26 105 102
60 62 32 29
174 176 146 143
164 166 221 218
24 27 83 81
68 69 34 29
171 176 154 153
161 163 221 218
24 26 66 63
70 73 31 29
174 177 58 56
158 160 221 218
24 26 62 59
92 93 34 29
172 177 83 82
142 144 221 218
24 29 50 49
94 97 31 29
175 177 87 84
139 141 221 218
24 26 48 45
101 103 32 29
172 177 94 93
136 138 221 218
24 26 42 39
110 111 34 29
172 177 131 130
133 135 221 218
24 26 37 34
113 115 32 29
172 177 133 132
130 132 221 218
23 26 197 195
116 118 32 29
175 177 158 155
127 129 221 218
23 25 191 188
122 124 32 29
175 177 166 163
124 126 221 218
23 25 121 118
135 137 32 29
175 177 177 174
116 118 221 218
23 25 80 77
138 140 32 29
175 177 189 186
110 111 221 216
23 24 76 71
141 143 32 29
175 177 197 194
107 109 221 218
23 28 33 32
144 146 32 29
174 177 202 200
104 106 221 218
22 24 219 216
147 149 32 29
175 178 34 32
95 97 221 218
22 24 212 209
162 164 32 29
175 178 45 43
77 79 221 218
22 24 208 205
165 167 32 29
173 178 53 52
68 70 221 218
22 24 184 181
29 31 31 28
176 178 62 59
65 67 221 218
22 27 169 168
32 34 31 28
176 178 70 67
41 43 221 218
22 24 164 161
40 42 31 28
173 178 74 73
170 172 222 219
22 24 160 157
49 51 31 28
175 178 81 79
91 93 222 219
22 24 156 153
74 76 31 28
175 178 97 95
80 83 222 220
22 24 152 149
86 88 31 28
176 178 101 98
74 76 222 219
22 24 148 145
89 91 31 28
176 178 105 102
59 61 222 219
22 24 144 141
98 100 31 28
176 178 109 106
56 58 222 219
22 27 126 125
119 121 31 28
175 178 114 112
52 55 222 220
22 27 124 123
125 127 31 28
176 178 118 115
47 49 222 219
22 24 117 114
128 130 31 28
175 178 121 119
38 40 222 219
22 24 109 106
35 36 32 27
176 178 125 122
35 37 222 219
22 24 99 96
66 67 32 27
176 178 129 126
32 34 222 219
22 24 95 92
77 79 30 27
177 178 141 136
27 29 222 219
22 24 91 88
80 82 30 27
173 178 148 147
151 153 223 220
22 24 87 84
83 85 30 27
176 178 152 149
146 148 223 220
22 24 70 67
107 109 30 27
173 178 168 167
112 115 223 221
22 24 58 55
150 152 30 27
176 178 181 178
100 103 223 221
22 24 54 51
153 155 30 27
176 178 185 182
98 99 223 218
22 27 44 43
156 158 30 27
176 178 193 190
86 88 223 220
22 24 31 28
159 161 30 27
173 178 209 208
25 26 223 218
21 24 215 213
168 170 30 27
176 178 213 210
155 157 224 221
21 24 204 202
174 176 30 27
176 178 217 214
121 123 224 221
21 23 201 198
26 28 29 26
176 178 221 218
89 90 224 219
21 24 194 192
63 65 29 26
177 179 38 35
84 85 224 219
21 23 180 177
104 106 29 26
177 179 42 39
71 73 224 221
21 26 176 175
131 133 29 26
177 179 49 46
62 64 224 221
21 23 173 170
171 173 29 26
177 179 66 63
50 51 224 219
21 23 138 135
37 38 30 25
174 179 72 71
44 46 224 221
21 23 134 131
39 42 27 25
176 179 77 75
30 31 224 219
21 23 105 102
43 45 28 25
178 179 87 82
167 169 225 222
21 23 66 63
46 48 28 25
177 179 91 88
164 166 225 222
21 23 62 59
52 53 30 25
177 179 145 142
161 163 225 222
21 23 48 45
54 56 28 25
176 179 161 159
158 160 225 222
21 23 40 37
57 59 28 25
176 179 173 171
149 150 225 220
20 22 191 188
68 70 28 25
174 179 204 203
141 143 225 222
20 23 130 128
71 73 28 25
176 179 207 205
138 140 225 222
20 22 122 119
92 94 28 25
175 180 111 110
133 135 225 222
20 23 113 111
95 97 28 25
178 180 133 130
130 132 225 222
20 22 81 78
101 103 28 25
175 180 135 134
127 129 225 222
20 23 36 34
110 112 28 25
178 180 166 163
119 120 225 220
19 24 221 220
113 115 28 25
178 180 189 186
116 118 225 222
19 21 219 216
116 118 28 25
178 181 31 29
107 109 225 222
19 21 212 209
134 136 28 25
176 181 55 54
104 106 225 222
19 21 208 205
137 139 28 25
178 181 58 56
95 97 225 222
19 22 197 195
140 142 28 25
179 181 62 59
91 94 225 223
19 24 187 186
143 145 28 25
179 181 70 67
77 79 225 222
19 21 185 182
146 148 28 25
179 181 81 78
68 70 225 222
19 24 167 166
162 164 28 25
178 181 94 92
65 67 225 222
19 21 165 162
165 167 28 25
179 181 98 95
58 61 225 223
19 21 161 158
177 179 28 25
179 181 105 102
41 43 225 222
19 21 152 149
29 31 27 24
179 181 116 113
37 40 225 223
19 21 148 145
32 34 27 24
179 181 120 117
32 35 225 223
19 21 144 141
49 51 27 24
179 181 124 121
20 22 225 222
19 21 127 124
74 76 27 24
179 181 128 125
170 172 226 223
19 21 117 114
86 88 27 24
179 181 139 136
112 115 226 224
19 21 110 107
89 91 27 24
179 181 149 146
80 82 226 223
19 24 101 100
98 100 27 24
179 181 153 150
74 76 226 223
19 21 99 96
119 121 27 24
178 181 156 154
55 57 226 223
19 21 95 92
127 129 27 24
179 181 170 167
52 54 226 223
19 21 91 88
152 155 26 24
178 181 176 174
47 49 226 223
19 21 87 84
60 61 28 23
179 181 180 177
27 29 226 223
19 22 77 75
62 65 25 23
179 181 184 181
176 177 227 222
19 22 74 72
79 81 26 23
179 181 193 190
174 175 227 222
19 21 71 68
82 84 26 23
178 181 196 194
152 154 227 224
19 21 58 55
122 123 28 23
176 181 199 198
146 148 227 224
19 21 54 51
149 151 26 23
178 181 202 200
144 145 227 222
19 21 33 30
156 158 26 23
179 181 211 208
136 137 227 222
19 24 27 26
159 161 26 23
179 181 215 212
125 126 227 222
18 20 201 198
168 170 26 23
179 181 219 216
121 124 227 225
18 20 173 170
174 176 26 23
179 181 223 220
110 111 227 222
18 21 157 155
26 27 25 22
179 182 34 32
101 103 227 224
18 23 140 139
104 106 25 22
180 182 38 35
98 100 227 224
18 20 138 135
125 126 27 22
180 182 42 39
86 88 227 224
18 20 134 131
171 173 25 22
179 182 45 43
23 24 227 222
18 20 106 103
20 22 24 21
180 182 49 46
155 157 228 225
18 23 83 82
23 25 24 21
177 182 51 50
71 73 228 225
18 20 62 59
35 36 26 21
180 182 66 63
44 46 228 225
18 23 50 49
37 39 24 21
180 182 87 84
167 169 229 226
18 20 48 45
40 42 24 21
180 182 91 88
164 166 229 226
18 23 42 41
43 45 24 21
179 182 101 99
161 163 229 226
18 20 40 37
46 48 24 21
179 182 108 106
158 160 229 226
17 20 215 213
54 56 24 21
180 182 145 142
149 151 229 226
17 19 191 188
57 59 24 21
180 182 162 159
141 143 229 226
17 19 121 118
66 67 26 21
180 182 207 204
138 140 229 226
17 19 81 78
68 70 24 21
180 183 77 75
133 135 229 226
17 20 67 65
71 73 24 21
181 183 112 109
130 132 229 226
16 18 223 220
77 78 26 21
181 183 132 129
127 129 229 226
16 18 219 216
92 94 24 21
178 183 158 157
118 120 229 226
16 18 212 209
95 97 24 21
180 183 173 171
107 109 229 226
16 18 208 205
101 103 24 21
181 183 188 185
104 106 229 226
16 18 197 194
107 108 26 21
180 183 226 224
95 97 229 226
16 18 185 182
109 111 24 21
182 184 31 28
92 94 229 226
16 18 177 174
112 114 24 21
179 184 53 52
83 85 229 226
16 21 169 168
115 117 24 21
182 184 57 54
68 70 229 226
16 18 167 164
127 130 23 21
182 184 61 58
65 67 229 226
16 18 163 160
133 135 24 21
182 184 70 67
60 62 229 226
16 21 154 153
136 138 24 21
179 184 74 73
41 43 229 226
16 18 152 149
139 141 24 21
182 184 81 78
38 40 229 226
16 18 148 145
142 144 24 21
182 184 95 92
35 37 229 226
16 18 144 141
145 147 24 21
182 184 105 102
32 34 229 226
16 17 140 135
162 164 24 21
182 184 116 113
25 26 229 224
16 19 130 128
177 179 24 21
182 184 120 117
20 22 229 226
16 18 127 124
180 181 26 21
182 184 124 121
170 172 230 227
16 18 117 114
182 183 26 21
182 184 128 125
115 117 230 227
16 19 113 111
28 30 23 20
181 184 135 133
112 114 230 227
16 18 110 107
31 33 23 20
182 184 139 136
89 91 230 227
16 18 102 99
49 51 23 20
182 184 151 148
80 82 230 227
16 18 98 95
74 76 23 20
182 184 155 152
74 76 230 227
16 18 94 91
85 87 23 20
181 184 165 163
63 64 230 225
16 18 90 87
98 100 23 20
182 184 177 174
57 59 230 227
16 18 77 74
118 120 23 20
182 184 184 181
54 56 230 227
16 18 73 70
131 132 25 20
182 184 192 189
50 51 230 225
16 18 58 55
152 154 23 20
182 184 196 193
47 49 230 227
16 18 54 51
52 53 24 19
182 184 200 197
30 31 230 225
16 21 44 43
60 62 22 19
182 184 211 208
27 29 230 227
16 19 36 34
63 65 22 19
182 184 215 212
18 19 230 225
16 18 33 30
79 81 22 19
182 184 219 216
177 179 231 228
16 19 25 23
121 123 22 19
182 184 230 227
174 176 231 228
15 20 204 203
157 159 22 19
183 185 35 32
152 154 231 228
15 17 202 199
165 166 24 19
183 185 39 36
146 148 231 228
15 20 193 192
167 169 22 19
183 185 43 40
124 126 231 228
15 20 181 180
170 173 21 19
183 185 51 48
121 123 231 228
15 20 179 178
90 91 23 18
183 185 65 62
101 103 231 228
15 17 173 170
104 106 21 18
180 185 72 71
98 100 231 228
15 17 106 103
20 22 20 17
180 185 83 82
86 88 231 228
15 20 64 63
23 25 20 17
183 185 87 84
78 79 231 226
15 17 62 59
34 36 20 17
183 185 91 88
52 53 232 227
15 17 48 45
37 39 20 17
182 185 98 96
44 46 232 229
15 17 40 37
40 42 20 17
180 185 141 140
180 181 233 228
15 20 29 28
43 45 20 17
183 185 145 142
167 169 233 230
15 18 22 20
46 48 20 17
183 185 162 159
164 166 233 230
14 17 229 227
54 56 20 17
182 185 168 166
161 163 233 230
14 16 191 188
57 59 20 17
182 185 180 178
158 160 233 230
14 17 157 155
60 65 18 17
182 185 203 201
149 151 233 230
14 17 134 132
68 70 20 17
183 185 207 204
144 145 233 228
14 19 123 122
71 73 20 17
182 185 233 231
140 142 233 230
14 16 121 118
82 83 22 17
184 186 24 21
136 137 233 228
14 16 81 78
84 87 19 17
183 186 46 44
133 135 233 230
13 16 226 224
88 89 22 17
183 186 101 99
130 132 233 230
13 15 223 220
92 94 20 17
183 186 108 106
127 129 233 230
13 15 219 216
95 97 20 17
184 186 112 109
118 120 233 230
13 16 215 213
101 103 20 17
184 186 188 185
112 115 233 231
13 15 212 209
109 111 20 17
185 187 31 28
110 111 233 228
13 15 208 205
112 114 20 17
186 187 52 47
107 109 233 230
13 15 198 195
115 117 20 17
185 187 56 53
104 106 233 230
13 18 187 186
124 126 20 17
185 187 60 57
95 97 233 230
13 15 185 182
127 129 20 17
186 187 66 61
83 85 233 230
13 15 177 174
133 135 20 17
185 187 70 67
68 70 233 230
13 15 169 166
136 138 20 17
184 187 77 75
65 67 233 230
13 15 165 162
139 141 20 17
185 187 81 78
60 62 233 230
13 18 159 158
142 144 20 17
185 187 95 92
38 40 233 230
13 15 154 151
145 147 20 17
185 187 105 102
35 37 233 230
13 15 150 147
148 149 22 17
185 187 116 113
32 34 233 230
13 15 143 140
150 151 22 17
185 187 125 122
23 24 233 228
13 15 139 136
155 156 22 17
184 187 131 129
20 22 233 230
13 15 131 128
160 161 22 17
185 187 135 132
16 19 233 231
13 15 127 124
162 164 20 17
185 187 139 136
13 15 233 230
13 15 117 114
174 175 22 17
182 187 147 146
176 179 234 232
13 15 113 110
176 178 20 17
185 187 151 148
171 173 234 231
13 15 102 99
179 181 20 17
185 187 155 152
156 157 234 229
13 15 95 92
182 184 20 17
184 187 158 156
152 155 234 232
13 15 91 88
185 187 20 17
182 187 170 169
90 92 234 231
13 18 85 84
26 27 21 16
184 187 173 171
80 82 234 231
13 15 77 74
28 30 19 16
185 187 177 174
72 73 234 229
13 15 73 70
31 33 19 16
185 187 184 181
57 59 234 231
13 16 67 65
49 51 19 16
185 187 192 189
54 56 234 231
13 15 58 55
74 76 19 16
185 187 196 193
49 51 234 231
13 15 54 51
98 100 19 16
185 187 200 197
29 31 234 231
13 15 36 33
118 120 19 16
185 187 216 213
146 148 235 232
13 18 27 26
152 154 19 16
182 187 221 220
124 126 235 232
12 14 202 199
77 78 20 15
182 187 223 222
121 123 235 232
12 14 181 178
79 81 18 15
185 187 230 227
101 103 235 232
12 15 146 144
107 108 20 15
186 188 35 32
98 100 235 232
12 13 123 118
121 123 18 15
186 188 39 36
93 94 235 230
12 15 109 107
165 167 18 15
186 188 43 40
87 89 235 232
12 14 106 103
168 170 18 15
186 188 90 87
77 79 235 232
12 15 98 96
171 173 18 15
185 188 119 117
42 43 235 230
12 17 83 82
16 17 19 14
185 188 128 126
25 26 235 230
12 17 69 68
66 67 19 14
186 188 145 142
116 117 236 231
12 14 62 59
104 106 17 14
186 188 162 159
75 76 236 231
12 17 50 49
18 19 18 13
186 188 204 201
63 64 236 231
12 14 48 45
21 23 16 13
186 188 208 205
47 48 236 231
12 17 42 41
27 30 15 13
185 188 219 217
44 46 236 233
12 14 40 37
37 39 16 13
187 189 25 22
27 28 236 231
12 15 32 30
40 42 16 13
186 189 84 82
183 185 237 234
12 15 25 23
43 45 16 13
186 189 98 96
180 182 237 234
12 15 15 13
46 48 16 13
187 189 109 106
174 175 237 232
11 14 194 192
52 53 18 13
186 189 167 165
168 170 237 234
11 13 191 188
54 56 16 13
188 189 173 168
165 167 237 234
11 14 173 171
57 59 16 13
184 189 225 224
162 164 237 234
11 13 135 132
60 62 16 13
186 189 233 231
159 161 237 234
11 13 81 78
63 65 16 13
188 190 21 18
155 158 237 235
11 14 22 20
68 70 16 13
185 190 27 26
143 145 237 234
11 14 19 17
71 73 16 13
188 190 31 28
140 142 237 234
10 12 233 230
82 84 16 13
189 190 37 32
138 139 237 232
10 12 227 224
85 87 16 13
187 190 46 44
133 135 237 234
10 12 223 220
88 90 16 13
188 190 50 47
130 132 237 234
10 12 219 216
91 93 16 13
188 190 54 51
127 129 237 234
10 12 212 209
94 96 16 13
188 190 58 55
118 120 237 234
10 12 208 205
101 103 16 13
188 190 62 59
113 115 237 234
10 12 198 195
109 111 16 13
188 190 66 63
110 112 237 234
10 12 187 184
112 114 16 13
188 190 70 67
107 109 237 234
10 11 183 178
115 117 16 13
185 190 74 73
104 106 237 234
10 12 177 174
124 126 16 13
188 190 94 91
95 97 237 234
10 12 169 166
127 129 16 13
187 190 101 99
84 86 237 234
10 12 165 162
130 131 18 13
188 190 105 102
71 74 237 235
10 15 161 160
132 134 16 13
187 190 112 110
68 70 237 234
10 13 157 155
135 137 16 13
188 190 116 113
65 67 237 234
10 12 154 151
138 140 16 13
185 190 121 120
60 62 237 234
10 12 150 147
141 143 16 13
188 190 125 122
39 41 237 234
10 12 131 128
144 146 16 13
188 190 132 129
36 38 237 234
10 12 127 124
149 151 16 13
188 190 139 136
33 35 237 234
10 11 123 118
157 158 18 13
188 190 149 146
22 24 237 234
10 12 117 114
159 161 16 13
188 190 153 150
19 21 237 234
10 12 113 110
162 164 16 13
188 190 157 154
16 18 237 234
10 12 95 92
165 170 14 13
185 190 164 163
13 15 237 234
10 12 91 88
174 176 16 13
188 190 177 174
177 179 238 235
10 12 77 74
177 179 16 13
188 190 184 181
171 173 238 235
10 12 73 70
180 182 16 13
187 190 187 185
152 154 238 235
10 12 58 55
183 185 16 13
188 190 191 188
90 92 238 235
10 12 54 51
186 188 16 13
188 190 195 192
81 83 238 235
10 15 44 43
31 33 15 12
188 190 199 196
57 59 238 235
10 11 42 37
49 51 15 12
185 190 210 209
54 56 238 235
10 12 36 33
74 76 15 12
185 190 212 211
52 53 238 233
10 12 29 26
97 99 15 12
188 190 216 213
49 51 238 235
9 12 215 213
118 120 15 12
188 190 223 220
30 32 238 235
9 14 204 203
152 154 15 12
188 190 230 227
186 188 239 236
9 11 202 199
10 11 16 11
189 191 43 40
150 151 239 234
9 12 143 141
24 25 16 11
188 191 79 77
147 149 239 236
9 11 109 106
34 35 16 11
186 191 86 85
124 126 239 236
9 12 102 100
77 79 14 11
189 191 90 87
121 123 239 236
9 11 99 96
155 156 16 11
188 191 135 133
101 103 239 236
9 14 64 63
171 173 14 11
186 191 141 140
98 100 239 236
9 11 62 59
104 106 13 10
189 191 145 142
87 89 239 236
9 11 48 45
12 14 12 9
189 191 161 158
45 48 239 237
8 13 229 228
15 17 12 9
186 191 179 178
11 12 239 234
8 10 192 189
18 20 12 9
189 191 208 205
136 137 240 235
8 10 136 133
21 23 12 9
189 191 237 234
189 191 241 238
8 13 87 86
26 28 12 9
190 192 25 22
183 185 241 238
8 10 85 82
36 38 12 9
187 192 72 71
180 182 241 238
8 10 81 78
39 41 12 9
190 192 98 95
174 176 241 238
8 11 69 67
42 44 12 9
189 192 119 117
168 170 241 238
8 11 32 30
45 47 12 9
189 192 128 126
165 167 241 238
8 11 25 23
52 54 12 9
190 192 168 165
162 164 241 238
7 9 234 231
55 57 12 9
190 192 172 169
159 161 241 238
7 9 223 220
58 60 12 9
189 192 202 200
156 158 241 238
7 9 219 216
61 63 12 9
189 192 219 217
152 155 241 239
7 9 212 209
67 69 12 9
191 193 17 14
144 146 241 238
7 9 208 205
70 72 12 9
191 193 21 18
141 143 241 238
7 9 198 195
80 81 14 9
191 193 29 26
138 140 241 238
7 9 185 182
82 84 12 9
191 193 33 30
130 132 241 238
7 9 181 178
85 87 12 9
191 193 37 34
118 120 241 238
7 9 177 174
88 90 12 9
191 193 47 44
113 115 241 238
7 10 173 171
91 93 12 9
191 193 51 48
110 112 241 238
7 9 170 167
94 96 12 9
191 193 55 52
107 109 241 238
7 9 166 163
100 102 12 9
191 193 59 56
104 106 241 238
7 9 162 159
107 108 14 9
191 193 63 60
98 103 241 240
7 9 158 155
109 111 12 9
191 193 69 66
95 97 241 238
7 9 154 151
112 114 12 9
188 193 76 75
93 94 241 236
7 9 150 147
115 117 12 9
188 193 81 80
84 86 241 238
7 12 140 139
121 122 14 9
190 193 84 82
79 80 241 236
7 12 138 137
123 125 12 9
191 193 94 91
77 78 241 236
7 9 129 126
126 128 12 9
191 193 105 102
71 73 241 238
7 9 125 122
129 131 12 9
190 193 108 106
68 70 241 238
7 9 121 118
132 134 12 9
191 193 112 109
65 67 241 238
7 9 117 114
135 137 12 9
191 193 116 113
62 64 241 238
7 9 113 110
138 140 12 9
191 193 123 120
58 61 241 239
7 8 101 96
141 143 12 9
191 193 132 129
53 56 241 239
7 9 95 92
144 146 12 9
191 193 139 136
42 43 241 236
7 9 91 88
147 148 14 9
191 193 149 146
39 41 241 238
7 9 77 74
149 151 12 9
191 193 153 150
36 38 241 238
7 9 73 70
157 159 12 9
191 193 157 154
33 35 241 238
7 12 66 65
162 164 12 9
191 193 176 173
25 26 241 236
7 8 64 59
165 167 12 9
191 193 183 180
22 24 241 238
7 9 58 55
168 170 12 9
191 193 187 184
19 21 241 238
7 9 54 51
174 176 12 9
191 193 191 188
16 18 241 238
7 9 44 41
177 179 12 9
191 193 195 192
13 15 241 238
7 9 40 37
180 182 12 9
191 193 199 196
7 12 241 240
7 9 36 33
183 185 12 9
191 193 212 209
177 179 242 239
7 9 29 26
186 188 12 9
191 193 216 213
171 173 242 239
7 10 22 20
191 193 12 9
191 193 223 220
116 117 242 237
7 9 19 16
29 31 11 8
190 193 226 224
90 92 242 239
7 9 15 12
48 50 11 8
191 193 230 227
81 83 242 239
7 9 11 8
64 66 11 8
190 193 233 231
75 76 242 237
6 8 202 199
73 75 11 8
192 193 239 234
50 52 242 239
6 11 146 145
97 99 11 8
189 194 39 38
30 32 242 239
6 8 144 141
118 120 11 8
192 194 43 40
149 151 243 240
6 8 109 106
152 154 11 8
192 194 90 87
134 135 243 238
6 11 105 104
189 190 13 8
192 194 145 142
128 129 243 238
6 11 50 49
76 78 10 7
192 194 161 158
125 127 243 240
6 8 48 45
160 161 12 7
189 194 204 203
122 124 243 240
5 10 239 238
171 173 10 7
192 194 208 205
28 29 243 238
5 8 215 213
32 33 11 6
193 195 25 22
192 193 245 240
5 10 194 193
10 11 10 5
192 195 79 77
189 191 245 242
5 7 192 189
12 14 8 5
193 195 98 95
187 188 245 240
5 7 136 133
15 17 8 5
192 195 135 133
184 186 245 242
5 7 81 78
18 20 8 5
193 195 168 165
181 183 245 242
4 7 237 235
21 23 8 5
193 195 172 169
177 180 245 243
4 6 234 231
24 25 10 5
192 195 179 177
174 176 245 242
4 7 230 228
26 28 8 5
194 196 12 9
168 170 245 242
4 9 227 226
34 35 10 5
194 196 16 13
165 167 245 242
4 9 225 224
36 38 8 5
194 196 29 26
162 164 245 242
4 6 223 220
39 41 8 5
194 196 33 30
159 161 245 242
4 6 219 216
42 44 8 5
194 196 37 34
156 158 245 242
4 6 212 209
45 47 8 5
195 196 43 38
153 155 245 242
4 6 208 205
51 53 8 5
194 196 47 44
147 148 245 240
4 9 188 187
54 56 8 5
194 196 51 48
144 146 245 242
4 6 186 183
57 59 8 5
194 196 55 52
141 143 245 242
4 6 182 179
60 62 8 5
194 196 59 56
138 140 245 242
4 6 178 175
63 66 7 5
194 196 63 60
130 132 245 242
4 6 174 171
67 69 8 5
191 196 65 64
119 121 245 242
4 6 170 167
70 72 8 5
194 196 69 66
115 118 245 243
4 6 166 163
79 81 8 5
193 196 72 70
112 114 245 242
4 6 162 159
82 84 8 5
194 196 76 73
109 111 245 242
4 6 158 155
85 87 8 5
194 196 94 91
106 108 245 242
4 6 154 151
88 90 8 5
191 196 100 99
103 105 245 242
4 6 150 147
91 93 8 5
194 196 104 101
100 102 245 242
4 5 146 141
94 96 8 5
194 196 108 105
97 99 245 242
4 6 140 137
100 102 8 5
194 196 112 109
94 96 245 242
4 9 132 131
108 110 8 5
194 196 116 113
88 89 245 240
4 6 130 127
111 113 8 5
193 196 119 117
85 87 245 242
4 6 126 123
114 116 8 5
194 196 123 120
81 84 245 243
4 6 122 119
121 123 8 5
191 196 125 124
78 80 245 242
4 6 118 115
124 126 8 5
193 196 128 126
72 74 245 242
4 6 114 111
127 129 8 5
194 196 132 129
69 71 245 242
4 5 110 105
130 132 8 5
194 196 139 136
66 68 245 242
4 6 103 100
133 135 8 5
194 196 151 148
63 65 245 242
4 6 99 96
136 138 8 5
194 196 155 152
60 62 245 242
4 6 95 92
139 141 8 5
195 196 161 156
57 59 245 242
4 6 91 88
142 144 8 5
191 196 163 162
54 56 245 242
4 7 87 85
145 147 8 5
194 196 176 173
50 53 245 243
4 7 84 82
148 150 8 5
194 196 183 180
48 49 245 240
4 6 77 74
155 156 10 5
194 196 187 184
46 47 245 240
4 6 73 70
157 159 8 5
194 196 191 188
43 45 245 242
4 7 69 67
162 164 8 5
194 196 197 194
40 42 245 242
4 6 66 63
165 167 8 5
193 196 202 200
37 39 245 242
4 6 62 59
168 170 8 5
195 196 208 203
34 36 245 242
4 6 58 55
174 176 8 5
194 196 212 209
30 33 245 243
4 6 54 51
177 179 8 5
194 196 216 213
25 27 245 242
4 5 50 45
180 182 8 5
193 196 219 217
22 24 245 242
4 6 44 41
183 185 8 5
194 196 223 220
19 21 245 242
4 6 40 37
186 188 8 5
194 196 227 224
16 18 245 242
4 6 36 33
191 193 8 5
194 196 231 228
13 15 245 242
4 7 32 30
7 9 7 4
194 196 235 232
10 12 245 242
4 6 29 26
29 31 7 4
194 196 241 238
7 9 245 242
4 7 25 23
48 50 7 4
194 196 245 242
171 173 246 243
4 6 22 19
73 75 7 4
194 197 19 17
136 137 246 241
4 6 18 15
97 99 7 4
192 197 86 85
91 93 246 243
4 6 14 11
103 104 9 4
195 197 90 87
75 77 246 243
4 6 10 7
105 106 9 4
192 197 141 140
127 129 247 244
3 6 245 243
117 119 7 4
195 197 145 142
124 126 247 244
3 6 242 240
151 153 7 4
197 199 9 6
193 195 249 246
3 8 204 203
189 190 7 2
197 199 13 10
190 192 249 246
3 5 202 199
4 5 6 1
198 199 19 14
187 189 249 246
1 2 245 240
6 9 3 1
194 199 21 20
184 186 249 246
1 3 239 236
10 12 4 1
196 199 24 22
181 183 249 246
1 3 235 232
13 15 4 1
197 199 28 25
178 180 249 246
1 3 231 228
16 18 4 1
197 199 32 29
175 177 249 246
1 3 227 224
19 21 4 1
197 199 36 33
171 174 249 247
1 3 223 220
22 24 4 1
197 199 40 37
168 170 249 246
1 3 219 216
25 27 4 1
197 199 44 41
165 167 249 246
1 4 215 213
28 31 3 1
197 199 48 45
162 164 249 246
1 3 212 209
32 34 4 1
197 199 52 49
159 161 249 246
1 3 208 205
35 37 4 1
197 199 56 53
156 158 249 246
1 2 204 199
38 40 4 1
197 199 60 57
153 155 249 246
1 6 198 197
41 43 4 1
197 199 64 61
151 152 249 244
1 6 196 195
44 46 4 1
197 199 68 65
149 150 249 244
1 4 194 192
47 50 3 1
197 199 72 69
146 148 249 246
1 4 191 189
51 53 4 1
197 199 76 73
143 145 249 246
1 3 188 185
54 56 4 1
196 199 79 77
140 142 249 246
1 3 184 181
57 59 4 1
194 199 81 80
136 139 249 247
1 3 180 177
60 62 4 1
194 199 83 82
133 135 249 246
1 3 176 173
63 65 4 1
198 199 90 85
130 132 249 246
1 3 172 169
66 68 4 1
197 199 94 91
124 129 249 248
1 3 168 165
69 71 4 1
196 199 97 95
122 123 249 244
1 3 164 161
72 75 3 1
197 199 104 101
119 121 249 246
1 3 160 157
76 77 6 1
197 199 108 105
116 118 249 246
1 3 156 153
78 80 4 1
197 199 112 109
113 115 249 246
1 3 152 149
81 83 4 1
197 199 116 113
110 112 249 246
1 3 148 145
84 86 4 1
197 199 120 117
107 109 249 246
1 3 144 141
87 89 4 1
197 199 124 121
104 106 249 246
1 3 140 137
90 92 4 1
197 199 128 125
101 103 249 246
1 4 136 134
93 95 4 1
197 199 132 129
98 100 249 246
1 3 133 130
96 99 3 1
196 199 135 133
95 97 249 246
1 3 129 126
100 102 4 1
197 199 139 136
91 94 249 247
1 3 125 122
103 106 3 1
198 199 145 140
88 90 249 246
1 3 121 118
107 109 4 1
194 199 147 146
85 87 249 246
1 3 117 114
110 112 4 1
197 199 151 148
82 84 249 246
1 3 113 110
113 115 4 1
197 199 155 152
79 81 249 246
1 3 109 106
116 119 3 1
197 199 159 156
75 78 249 247
1 3 105 102
120 122 4 1
197 199 163 160
72 74 249 246
1 3 101 98
123 125 4 1
196 199 166 164
69 71 249 246
1 3 97 94
126 128 4 1
196 199 169 167
66 68 249 246
1 3 93 90
129 131 4 1
196 199 172 170
63 65 249 246
1 3 89 86
132 134 4 1
197 199 176 173
60 62 249 246
1 3 85 82
135 137 4 1
196 199 179 177
57 59 249 246
1 4 81 79
138 140 4 1
197 199 183 180
54 56 249 246
1 3 78 75
141 143 4 1
197 199 187 184
51 53 249 246
1 3 74 71
144 146 4 1
197 199 191 188
48 50 249 246
1 3 68 65
147 149 4 1
194 199 193 192
45 47 249 246
1 3 64 61
150 153 3 1
197 199 197 194
42 44 249 246
1 3 60 57
154 156 4 1
194 199 199 198
39 41 249 246
1 3 56 53
157 159 4 1
197 199 203 200
36 38 249 246
1 3 52 49
160 161 6 1
197 199 207 204
33 35 249 246
1 3 48 45
162 164 4 1
197 199 211 208
30 32 249 246
1 3 44 41
165 167 4 1
197 199 215 212
28 29 249 244
1 3 40 37
168 170 4 1
197 199 219 216
25 27 249 246
1 3 36 33
171 172 6 1
197 199 223 220
22 24 249 246
1 3 32 29
173 175 4 1
197 199 227 224
19 21 249 246
1 3 28 25
176 178 4 1
197 199 231 228
16 18 249 246
1 3 24 21
179 181 4 1
197 199 235 232
13 15 249 246
1 3 20 17
182 184 4 1
194 199 237 236
10 12 249 246
1 3 16 13
185 187 4 1
197 199 241 238
7 9 249 246
1 3 12 9
191 193 4 1
197 199 245 242
4 6 249 246
1 3 8 5
194 195 6 1
197 199 249 246
1 3 249 246
1 3 4 1
197 199 4 1
